50
9 28
4 17
23 14
14 9
20 19
4 15
6 17
23 7
14 16
16 7
6 12
29 12
30 30
20 20
27 17
2 9
8 8
28 22
14 20
19 4
8 25
13 21
17 27
10 14
11 12
20 9
12 15
21 11
12 19
14 17
19 2
10 23
28 25
6 26
12 21
9 14
23 7
25 9
20 11
12 8
18 17
18 23
15 21
3 20
16 26
8 25
18 30
16 23
14 11
17 13
30 23
28 13
2 15
13 4
9 30
27 18
28 9
4 10
19 28
5 16
25 4
10 26
17 7
18 22
15 23
26 9
9 21
18 6
13 23
2 29
29 23
29 2
13 20
8 11
19 14
9 7
8 2
5 2
20 27
7 7
7 21
28 14
2 17
18 25
29 30
7 17
12 21
2 7
21 13
27 18
19 22
24 28
16 18
8 14
22 7
20 21
13 3
4 20
28 5
17 28
2 3
3 26
29 28
2 25
3 22
20 9
28 26
15 21
17 18
8 13
28 13
10 8
21 10
4 11
30 4
15 30
6 27
9 5
21 14
24 7
2 5
7 25
28 24
10 18
14 11
6 26
28 16
13 5
17 9
24 2
21 28
19 26
27 23
5 20
15 27
10 20
21 29
4 21
6 21
27 27
8 4
30 16
4 18
6 2
5 26
9 6
4 18
16 13
3 6
3 16
3 22
30 7
11 19
30 2
14 7
16 21
19 26
9 2
21 19
3 22
20 9
20 30
7 7
27 16
21 20
6 11
14 19
26 22
9 6
12 27
25 14
25 16
28 7
20 22
4 17
23 12
22 13
23 14
13 20
21 14
11 21
28 7
13 4
22 17
26 14
6 27
25 10
30 5
20 18
27 7
20 30
23 29
25 26
22 26
10 5
6 3
21 26
12 20
22 5
17 18
9 2
13 10
22 22
20 12
23 2
17 5
22 19
9 28
9 7
2 17
29 26
25 22
7 22
27 30
19 29
13 15
7 6
26 9
6 11
2 11
2 28
19 23
17 26
12 3
10 25
21 6
25 24
16 5
26 27
25 6
26 20
23 3
6 7
4 9
2 21
20 5
21 23
27 19
29 28
30 11
26 16
25 11
24 21
15 12
2 8
4 22
26 25
4 23
17 18
20 29
27 15
27 14
21 19
9 24
10 4
26 3
18 23
28 25
24 29
23 26
3 12
8 2
11 30
8 23
28 4
11 24
10 20
13 2
5 5
4 9
19 2
27 18
16 16
2 27
25 7
16 26
29 5
13 16
7 23
21 11
5 20
23 29
20 20
2 18
13 4
14 17
2 28
20 3
15 13
22 3
8 5
25 15
7 13
3 21
18 22
6 11
2 14
5 10
3 9
13 19
12 13
9 22
18 19
3 21
23 17
15 15
3 18
11 8
27 18
13 5
4 11
17 14
27 16
8 21
29 14
25 6
28 3
18 17
12 10
15 8
23 22
2 24
2 10
7 11
16 8
17 29
6 7
17 16
4 28
29 18
2 26
22 25
19 18
21 14
26 3
4 28
25 18
15 28
4 22
5 30
26 21
6 7
16 8
10 27
17 22
23 8
15 19
17 26
13 28
9 23
26 2
2 7
16 15
3 23
15 20
27 9
6 8
17 20
8 20
5 30
21 10
17 16
6 27
13 15
16 28
11 22
28 3
4 4
21 2
18 5
4 5
26 16
28 12
6 14
12 29
17 10
13 11
29 26
12 15
29 30
28 5
9 29
28 23
18 12
27 9
28 3
30 13
6 7
16 20
6 13
5 3
14 23
18 12
29 28
22 14
28 23
22 26
22 15
15 3
6 6
3 6
7 4
2 8
2 24
5 28
8 4
12 11
24 11
9 14
2 9
25 17
3 28
16 23
10 16
4 30
10 2
2 27
27 17
6 8
10 10
29 20
15 7
2 27
2 14
4 2
12 17
22 5
14 13
5 17
6 18
12 29
14 9
14 6
2 15
16 5
14 28
22 11
24 11
25 5
11 12
15 4
8 13
8 27
10 3
21 30
14 26
19 15
14 19
22 9
30 3
3 4
8 23
26 8
29 23
18 9
25 7
26 27
13 7
14 6
28 10
5 6
24 27
19 28
13 14
13 24
9 4
4 26
9 8
17 23
10 7
28 24
12 19
25 15
30 24
21 9
8 25
7 26
25 12
24 29
27 6
30 16
23 3
16 10
7 16
26 2
7 15
8 17
2 10
5 30
27 10
29 30
30 20
13 21
16 18
11 20
9 9
4 9
8 17
13 16
18 26
